585
838
1540
835
331
455
698
288
855
2302
75
15
750
592
322
604
1162
517
1897
716
2027
290
912
108
79
493
677
1645
927
1963
539
556
626
63
154
1142
104
1352
111
112
1726
706
557
1404
510
17
1508
712
313
759
1150
325
478
1379
1910
1549
1184
355
1935
702
216
52
747
1316
1057
1026
528
1099
746
136
241
254
1159
74
1744
40
515
497
599
1553
882
1898
32
82
1376
2289
1065
761
464
1923
0
256
1606
343
1799
67
128
109
1438
531
168
353
476
1995
5
2046
1296
268
1063
836
1440
1060
738
2257
149
685
483
1055
345
341
798
347
1787
1895
1211
1189
635
1378
1101
831
1027
1215
1243
1345
162
1389
146
853
2319
1112
91
1368
545
1479
152
1857
215
555
623
1724
1157
494
56
1373
217
323
606
1194
699
165
337
844
779
490
293
2010
1010
1810
1845
1985
1959
1473
1
421
1951
551
1387
778
434
965
479
1141
2325
362
299
924
1078
21
1080
809
1933
122
242
338
436
532
2090
1395
1397
1476
2294
910
617
351
952
1173
90
163
451
858
250
101
140
2186
1398
1388
777
1872
438
962
832
500
27
1510
183
748
2074
1406
658
1909
903
1459
463
619
1456
195
512
546
187
854
1853
656
181
1451
1430
1889
840
1672
756
38
99
1359
333
1369
295
481
2323
520
366
1485
694
825
505
871
1756
1727
1984
1652
435
166
535
157
612
417
1424
182
625
1108
179
248
1782
1992
1391
363
1343
1512
568
365
2037
1956
558
1719
1669
1945
1062
335
222
1661
219
158
304
935
1279
872
1706
589
214
899
209
1696
428
247
1028
1961
1283
723
1538
133
731
198
622
1165
1294
1561
307
624
934
684
1556
518
125
2247
423
22
1409
326
314
2353
120
2042
48
2241
315
1778
690
1888
1780
359
696
18
312
225
911
1328
95
2383
1740
1475
1920
83
1287
1280
577
296
1729
1783
595
1181
1566
634
2035
2279
1809
2381
1392
1849
300
675
628
156
2055
139
1076
41
449
39
2169
1988
1713
416
812
1298
132
632
1138
1339
2038
541
28
368
915
482
1607
1544
1628
1627
1781
687
243
448
1814
472
1731
573
1077
1960
933
2075
1749
824
958
1153
159
620
837
1521
1252
188
175
1675
1859
529
85
1299
611
774
1441
305
1088
1506
1899
317
1677
852
2091
2268
565
1005
999
566
1297
342
145
81
1469
1558
616
1572
542
1192
1788
743
298
1608
33
850
492
324
890
960
229
768
1032
991
332
1934
661
1618
174
1922
995
202
1140
1383
1471
2282
506
1613
1786
336
2258
833
1611
1668
954
211
745
1673
2065
439
957
1569
2005
893
1530
508
2338
2068
692
1315
1362
1317
257
1837
58
947
834
1813
507
1943
1798
1277
119
138
710
948
807
2162
2255
1563
1714
621
1725
524
2256
465
2040
1104
2340
669
1594
1351
823
346
249
246
1612
574
902
319
1642
1478
1188
340
1823
519
613
364
1201
1905
76
860
697
1640
1925
522
943
1327
186
1221
2262
34
26
575
826
1403
2057
2334
1841
1674
2142
502
2166
185
1655
888
