585
0
1
5
15
17
18
21
22
26
27
28
32
33
34
38
39
40
41
48
52
56
58
63
67
74
75
76
79
81
82
83
85
90
91
95
99
101
104
108
109
111
112
119
120
122
125
128
132
133
136
138
139
140
145
146
149
152
154
156
157
158
159
162
163
165
166
168
174
175
179
181
182
183
185
186
187
188
195
198
202
209
211
214
215
216
217
219
222
225
229
241
242
243
246
247
248
249
250
254
256
257
268
288
290
293
295
296
298
299
300
304
305
307
312
313
314
315
317
319
322
323
324
325
326
331
332
333
335
336
337
338
340
341
342
343
345
346
347
351
353
355
359
362
363
364
365
366
368
416
417
421
423
428
434
435
436
438
439
448
449
451
455
463
464
465
472
476
478
479
481
482
483
490
492
493
494
497
500
502
505
506
507
508
510
512
515
517
518
519
520
522
524
528
529
531
532
535
539
541
542
545
546
551
555
556
557
558
565
566
568
573
574
575
577
589
592
595
599
604
606
611
612
613
616
617
619
620
621
622
623
624
625
626
628
632
634
635
656
658
661
669
675
677
684
685
687
690
692
694
696
697
698
699
702
706
710
712
716
723
731
738
743
745
746
747
748
750
756
759
761
768
774
777
778
779
798
807
809
812
823
824
825
826
831
832
833
834
835
836
837
838
840
844
850
852
853
854
855
858
860
871
872
882
888
890
893
899
902
903
910
911
912
915
924
927
933
934
935
943
947
948
952
954
957
958
960
962
965
991
995
999
1005
1010
1026
1027
1028
1032
1055
1057
1060
1062
1063
1065
1076
1077
1078
1080
1088
1099
1101
1104
1108
1112
1138
1140
1141
1142
1150
1153
1157
1159
1162
1165
1173
1181
1184
1188
1189
1192
1194
1201
1211
1215
1221
1243
1252
1277
1279
1280
1283
1287
1294
1296
1297
1298
1299
1315
1316
1317
1327
1328
1339
1343
1345
1351
1352
1359
1362
1368
1369
1373
1376
1378
1379
1383
1387
1388
1389
1391
1392
1395
1397
1398
1403
1404
1406
1409
1424
1430
1438
1440
1441
1451
1456
1459
1469
1471
1473
1475
1476
1478
1479
1485
1506
1508
1510
1512
1521
1530
1538
1540
1544
1549
1553
1556
1558
1561
1563
1566
1569
1572
1594
1606
1607
1608
1611
1612
1613
1618
1627
1628
1640
1642
1645
1652
1655
1661
1668
1669
1672
1673
1674
1675
1677
1696
1706
1713
1714
1719
1724
1725
1726
1727
1729
1731
1740
1744
1749
1756
1778
1780
1781
1782
1783
1786
1787
1788
1798
1799
1809
1810
1813
1814
1823
1837
1841
1845
1849
1853
1857
1859
1872
1888
1889
1895
1897
1898
1899
1905
1909
1910
1920
1922
1923
1925
1933
1934
1935
1943
1945
1951
1956
1959
1960
1961
1963
1984
1985
1988
1992
1995
2005
2010
2027
2035
2037
2038
2040
2042
2046
2055
2057
2065
2068
2074
2075
2090
2091
2142
2162
2166
2169
2186
2241
2247
2255
2256
2257
2258
2262
2268
2279
2282
2289
2294
2302
2319
2323
2325
2334
2338
2340
2353
2381
2383
