585
14
9
14
14
4
11
15
44
11
48
57
8
11
11
1
18
18
18
50
9
4
1
9
37
14
1
1
1
1
1
1
1
1
23
1
50
41
1
8
14
8
8
11
54
37
49
15
55
52
18
18
53
18
18
18
36
5
13
46
41
50
11
12
45
7
48
7
57
55
48
48
48
44
11
11
50
55
48
48
11
11
11
11
6
8
6
54
54
50
11
8
9
11
11
51
50
44
50
32
9
42
14
9
8
8
44
47
11
9
46
48
11
49
40
16
50
46
11
11
12
10
11
25
50
8
11
41
40
11
9
9
47
11
55
14
3
11
13
32
11
32
50
38
51
11
51
51
44
31
43
27
54
50
2
49
2
43
43
55
48
11
11
44
37
11
11
37
15
3
11
11
14
3
44
21
21
8
48
1
41
11
11
1
23
1
26
19
1
11
1
11
11
24
1
18
36
44
24
47
11
27
1
8
8
18
10
18
43
43
43
44
11
43
50
18
18
50
10
1
4
11
51
11
11
16
50
31
31
51
37
44
41
1
41
18
50
16
44
41
1
1
1
7
44
14
47
48
55
48
11
55
10
16
7
7
11
4
10
50
54
27
11
1
12
11
1
17
44
2
29
11
43
50
27
38
4
18
17
11
47
11
48
11
1
41
1
1
1
1
1
1
1
1
1
44
9
50
1
1
1
1
50
23
42
18
11
1
1
1
37
1
1
1
5
1
1
53
1
1
11
18
24
11
11
43
55
11
16
1
11
11
31
9
33
33
50
1
23
26
11
44
10
32
44
52
15
14
11
16
16
11
11
10
18
57
14
9
16
11
35
14
16
48
9
50
24
56
7
55
37
11
27
18
44
18
43
43
47
48
41
47
47
9
47
43
11
55
25
11
11
45
55
48
13
11
7
48
11
14
48
7
8
6
7
55
7
48
7
48
48
7
13
11
11
9
11
41
54
48
7
25
55
42
50
43
57
55
9
44
31
11
30
41
11
11
18
52
11
44
45
4
11
7
36
48
55
48
55
45
55
55
1
8
1
1
11
1
18
11
11
43
11
11
14
41
11
50
11
11
51
11
11
1
47
41
44
18
11
18
18
18
14
18
18
18
44
18
52
54
44
49
55
44
41
43
3
43
57
11
49
27
11
11
11
11
47
7
48
44
7
11
46
48
44
8
4
4
1
11
50
8
11
44
9
11
5
11
8
11
50
32
44
9
47
50
9
54
6
11
47
8
11
6
7
50
44
43
42
50
8
44
11
11
11
43
11
25
11
55
43
18
11
11
51
51
11
11
32
44
11
43
50
11
29
3
8
18
1
10
1
11
1
1
1
1
